$ 1 0.000005 10.20027730826997 50 5 43 5e-11
r 336 0 160 0 0 22
209 0 112 80 112 4 0.000022 109.7483077322472 0 0 220
v 0 176 0 256 0 1 60 110 0 0 0.5
r 0 176 0 112 0 7.5
r 144 144 256 144 0 200000
34 1N4007S 0 1.7143528192810002e-7 0 2 0 0
d 80 112 80 256 2 1N4007S
c 144 224 256 224 4 2.2e-8 -2.7824853532365523e-11 0.001 0
r 512 256 512 208 0 1
d 400 144 256 144 2 1N4007S
w 144 224 144 144 0
r 256 192 400 192 0 510000
w 256 144 256 192 0
d 144 112 400 112 2 1N4007S
w 256 192 256 224 0
203 256 224 368 224 0 500 100000000 30 0.01
w 144 112 144 144 0
w 400 112 400 144 0
w 400 144 400 192 0
32 13003 0 1e-13 0 0 1.5 0 0 2 1 1 0 0 1
t 480 320 512 320 0 1 1.3408575300421003e-36 -1.3408575269031918e-34 100 13003
w 400 208 400 192 0
w 144 256 144 224 0
w 512 208 512 192 0
l 384 48 464 48 0 0.003 6.285570099650395e-58 0
406 336 -32 384 128 0 4 0.999 10,1:1 3 1.7099739105473809e-19 6.762886787596669e-16 5.897250277335154e-19 
181 464 -16 576 -16 0 300 100 120 0.4 0.4
181 464 48 576 48 0 300 100 120 0.4 0.4
c 576 -16 576 48 4 4.7e-9 -8.92764696726189e-41 0 0
209 -80 112 0 112 4 0.000022 109.74835597365096 0 0 220
d -80 256 -80 112 2 default
w -80 256 0 256 0
w 80 256 0 256 0
w 80 112 144 112 0
c -80 112 -160 112 4 5.1e-10 7.837570592528209e-10 0 0
t 480 176 512 176 0 1 -3.7612483697399803e-31 3.7612483697404007e-29 100 13003
r 192 -32 336 -32 0 510000
w 160 -48 160 0 0
w 144 112 144 48 0
w 336 48 144 48 0
34 FR107 0 1.7143528192810002e-7 0 2 0 0
d 640 304 544 304 2 FR107
r 336 16 160 16 0 22
w -80 112 -80 -80 0
w -80 -80 192 -80 0
w 192 -64 192 -80 0
c -80 -80 -144 -80 4 1e-7 1.0378002457400726e-8 0 0
r 544 304 544 160 0 510000
r 512 336 512 384 0 1
w 544 160 752 160 0
w 512 304 544 304 0
w 544 160 512 160 0
w 512 384 752 384 0
w 752 160 752 384 0
