$ 1 0.000005 10.20027730826997 50 5 43 5e-11
v 0 176 0 272 0 1 60 110 0 0 0.5
404 0 272 64 272 0 0.0613 6.73 0 false
c 64 272 64 176 4 6.8e-8 -32.8723373291964 0 0
w 0 176 64 176 0
l 64 176 176 176 0 0.00019999999999999998 9.247730122236785e-14 0
34 M7 0 1.7143528192810002e-7 0 2 0 0
d 176 176 224 224 2 M7
d 128 224 176 176 2 default
d 128 224 176 272 2 default
d 176 272 224 224 2 default
w 128 64 16 64 0
w 176 272 64 272 0
g 128 224 128 240 0 0
209 224 224 224 320 4 0.000022 109.28790330834846 0 0 220
g 224 320 224 336 0 0
c 288 224 288 112 4 4.7e-8 1.6171284755728266e-8 0 0
181 288 112 448 112 0 300 100 120 0.4 0.4
d 384 176 288 112 2 default
w 384 176 448 112 0
w 224 224 288 224 0
r 288 224 400 224 0 680000
r 400 224 512 224 0 680000
d 512 288 400 288 2 default
w 400 224 400 288 0
w 512 224 512 288 0
32 4128PL 0 1e-13 0 0 1.5 0 0 2 1 1 0 0 1
t 256 352 288 352 0 1 -3.77671938167623e-9 -3.8767780097259674e-9 100 4128PL
t 560 528 528 528 0 1 4.263256414560601e-14 1.4210854715202004e-14 100 4128PL
w 288 368 400 368 0
w 528 512 400 512 0
w 400 400 400 368 0
l 400 400 256 400 0 1 -1.3798739928436844e-16 0
l 336 448 400 448 0 1 1.0658141037696526e-19 0
l 400 480 464 480 0 1 -1.0658141037760621e-19 0
w 400 448 400 480 0
w 400 480 400 512 0
c 288 336 400 336 4 1e-9 -1.0005862804973731e-10 0 0
w 400 336 400 288 0
w 400 336 400 368 0
r 256 352 256 400 0 30
w 400 400 400 448 0
w 288 224 288 336 0
