$ 1 0.000005 10.20027730826997 50 5 43 5e-11
v 0 208 0 368 0 1 40 5 0 0 0.5
404 0 368 0 432 0 0.0613 6.73 0 false
c 64 208 64 464 4 0.00001 -4.205054340629516 0.001 0
w 0 432 64 464 0
w 0 208 64 208 0
w 64 208 80 208 0
w 80 208 80 304 0
w 80 304 112 304 0
T 112 304 192 464 8 4 1 -0.0013928633008283649 0.0013928633008303034 0.999
w 64 464 112 464 0
w 96 208 96 256 0
c 96 256 160 256 4 0.00001 -1.833123349295751e-10 0.001 0.1
c 160 208 96 208 4 0.00001 -7.229043925971457e-10 0.001 0
c 224 208 224 256 4 0.00001 -9.062167015058686e-10 0.001 0
w 224 208 192 208 0
w 192 208 144 288 0
w 144 288 192 304 0
w 224 256 160 256 0
w 192 208 160 208 0
d 304 320 304 384 2 default
d 320 384 320 448 2 default
350 224 448 224 384 0 10000 3605 -40 150 0.3416 Temperature
w 224 448 192 464 0
w 224 448 320 448 0
w 224 384 304 384 0
w 320 384 304 384 0
w 320 320 304 320 0
209 320 224 320 320 4 0.00001 -1.0001191869721007 0.001 0 1
w 224 208 288 208 0
w 288 208 320 224 0
209 416 448 416 384 4 0.00001 1.953140509232711 0.001 0 1
r 480 400 480 336 0 1000
r 512 288 512 224 0 1000
c 464 336 464 288 4 0.00001 -3.089332815561595 0.001 0
r 448 208 448 272 0 1000
d 416 256 416 208 2 default
d 384 224 384 272 2 default
d 368 304 416 304 2 default
d 368 336 416 336 2 default
w 384 224 416 256 0
w 384 272 448 272 0
w 416 208 448 208 0
w 368 304 368 336 0
w 416 336 464 336 0
w 416 304 512 288 0
d 544 256 544 208 2 default
w 416 208 544 208 0
w 544 256 512 224 0
r 480 400 480 464 0 1000
w 320 448 416 448 0
w 416 448 480 464 0
w 416 384 480 400 0
w 480 336 464 336 0
w 512 288 544 304 0
w 480 464 544 464 0
r 544 384 544 464 0 1000
z 544 304 544 384 2 default-zener
w 464 288 464 272 0
w 464 272 512 224 0
w 464 272 544 384 0
w 320 320 352 368 0
w 416 336 384 368 0
w 384 368 352 368 0
w 416 384 352 336 0
w 352 336 320 224 0
c 624 288 672 288 4 0.00001 0 0.001 0
T 624 208 688 256 0 4 1 0 0 0.999
r 512 288 624 288 0 1000
w 624 256 624 288 0
w 624 208 544 208 0
t 640 352 640 320 0 -1 0 0 100 default
t 640 384 640 432 0 -1 0 0 100 default
r 736 464 816 464 0 1000
T 736 384 832 304 0 4 1 0 0 0.999
c 912 272 912 448 4 0.00001 0 0.001 0
181 976 272 976 432 0 300 100 120 0.4 0.4
