$ 1 0.000005 10.20027730826997 53 5 50 5e-11
v 80 352 80 64 0 1 40 110 0 0 0.5
w 304 64 304 128 0
d 304 128 368 192 2 default
d 304 256 368 192 2 default
d 240 192 304 128 2 default
d 240 192 304 256 2 default
w 304 256 304 352 0
w 160 352 80 352 0
c 160 64 160 352 4 1.5e-7 -109.38766586221743 0.001 0.1
w 160 352 304 352 0
w 160 64 304 64 0
g 240 192 240 288 0 0
l 368 192 448 192 0 1 -3.42870622706631e-7 0
r 368 144 448 144 0 4100
w 368 192 368 144 0
w 448 144 448 192 0
c 448 192 448 256 4 1.5e-7 176.54462548935214 0.001 0
g 448 256 448 288 0 0
! default 0 A,B,C D,E,F,G custom\slogic A\q1\nC\q0\n
208 544 192 608 192 0 default 0 0 0 0
d 544 416 544 352 2 default
g 544 416 544 432 0 0
w 544 192 544 224 0
w 448 192 544 192 0
209 640 256 640 224 4 0.0000047 0 0.001 0 500
l 704 256 784 256 0 1.1 0 0
c 640 288 704 288 4 0.00001 0 0.001 0
w 640 256 704 256 0
w 704 288 704 256 0
r 704 288 704 352 0 0.5
w 704 352 544 352 0
w 544 256 544 352 0
r 784 416 784 256 0 100000
p 912 256 912 416 3 0 0 10000000
w 784 416 544 416 0
209 848 416 848 256 4 0.0000022 0 0.001 0 1
w 784 256 848 256 0
w 848 256 912 256 0
w 912 416 848 416 0
w 848 416 784 416 0
404 80 64 160 64 0 0.0613 6.73 0 false
o 0 64 0 4099 160 0.025 0 2 0 3
