$ 1 0.000005 10.20027730826997 50 5 43 5e-11
34 19 1 9.32e-11 0 3.7299999999758477 0 1
162 224 96 320 96 2 19 1 0 0 0.01
34 16 1 9.32e-11 0 3.7299999999758477 0 1
162 416 192 464 192 2 16 1 0 0 0.01
34 9 1 9.32e-11 0 3.7299999999758477 0 1
162 272 160 320 160 2 9 1 0 0 0.01
34 11 1 9.32e-11 0 3.7299999999758477 0 1
162 320 160 368 160 2 11 1 0 0 0.01
34 17 1 9.32e-11 0 3.7299999999758477 0 1
162 320 96 416 96 2 17 1 0 0 0.01
34 13 1 9.32e-11 0 3.7299999999758477 0 1
162 368 160 416 160 2 13 1 0 0 0.01
34 8 1 9.32e-11 0 3.7299999999758477 0 1
162 176 192 224 192 2 8 1 0 0 0.01
162 224 160 272 160 2 8 1 0 0 0.01
162 224 192 272 192 2 8 1 0 0 0.01
34 5 1 9.32e-11 0 3.7299999999758477 0 1
162 176 160 224 160 2 5 1 0 0 0.01
34 14 1 9.32e-11 0 3.7299999999758477 0 1
162 368 192 416 192 2 14 1 0 0 0.01
34 18 1 9.32e-11 0 3.7299999999758477 0 1
162 320 128 416 128 2 18 1 0 0 0.01
34 12 1 9.32e-11 0 3.7299999999758477 0 1
162 320 192 368 192 2 12 1 0 0 0.01
34 10 1 9.32e-11 0 3.7299999999758477 0 1
162 272 192 320 192 2 10 1 0 0 0.01
34 15 1 9.32e-11 0 3.7299999999758477 0 1
162 416 160 464 160 2 15 1 0 0 0.01
34 20 1 9.32e-11 0 3.7299999999758477 0 1
162 224 128 320 128 2 20 1 0 0 0.01
v 464 304 80 304 0 0 40 15 0 0 0.5
w 224 192 224 160 0
w 464 304 464 192 0
w 464 160 464 192 0
w 416 160 416 192 0
w 416 96 416 128 0
w 320 128 320 160 0
w 368 160 368 192 0
w 320 160 320 192 0
w 224 128 224 160 0
w 272 160 272 192 0
w 176 192 176 160 0
34 21 1 9.32e-11 0 3.7299999999758477 0 1
162 128 96 224 96 2 21 1 0 0 0.01
34 22 1 9.32e-11 0 3.7299999999758477 0 1
162 128 128 224 128 2 22 1 0 0 0.01
w 128 192 128 160 0
34 3 1 9.32e-11 0 3.7299999999758477 0 1
162 128 160 176 160 2 3 1 0 0 0.01
34 4 1 9.32e-11 0 3.7299999999758477 0 1
162 128 192 176 192 2 4 1 0 0 0.01
w 80 192 80 160 0
34 1 1 9.32e-11 0 3.7299999999758477 0 1
162 80 160 128 160 2 1 1 0 0 0.01
34 2 1 9.32e-11 0 3.7299999999758477 0 1
162 80 192 128 192 2 2 1 0 0 0.01
w 80 192 80 304 0
w 128 128 128 160 0
w 128 96 128 128 0
w 224 96 224 128 0
w 320 96 320 128 0
w 416 160 416 128 0
