$ 1 0.000005 10.20027730826997 50 5 50 5e-11
v 96 352 208 352 0 1 40 5 0 0 0.5
404 96 352 96 432 0 0.0613 6.73 0 false
r 208 352 208 432 0 1000
c 272 352 272 432 4 0.00001 -2.5435652188039546 0.001 0
178 448 96 336 96 6 1 0.2 -2.0023535900702525e-8 0.05 1000000 0.02 20 0.015 0.005 0
p 208 48 272 48 3 0 0 10000000
w 96 432 208 432 0
w 208 432 272 432 0
T 400 352 464 432 8 4 1 -0.010872011850790226 0.010871991827253806 0.999
w 336 112 336 128 0
w 448 96 448 48 0
w 448 48 272 48 0
r 336 352 336 432 0 1000
w 272 432 336 432 0
w 336 432 400 432 0
c 512 352 512 432 4 0.00001 -2.5564837035801675 0.001 0
w 464 304 512 304 0
w 464 432 512 432 0
d 512 304 512 256 2 default
w 448 128 512 128 0
w 512 96 512 128 0
w 512 64 512 48 0
w 512 48 832 48 0
t 544 80 512 80 0 -1 -5.4304152286022145e-9 -5.3766489038764576e-9 100 default
r 544 80 624 80 0 1000
r 512 432 592 432 0 1000
! KP3114WP 0 L,ICG,VDD,FB BUS,DRAIN,GND KP3114WP \0
208 560 368 656 368 6144 KP3114WP 0 0 0
w 544 256 544 304 0
209 592 160 592 112 4 0.00001 0 0.001 0 1
r 592 192 592 256 0 1000
r 640 192 640 256 0 1000
209 544 256 592 256 4 0.00001 0 0.001 0 1
w 544 304 512 304 0
w 624 80 896 80 0
w 640 192 592 192 0
w 640 256 592 256 0
w 592 336 592 256 0
w 592 192 592 160 0
w 592 160 672 160 0
w 672 160 672 272 0
w 672 272 624 336 0
w 592 112 688 112 0
w 688 112 688 288 0
w 688 288 656 336 0
w 592 112 544 128 0
w 544 256 544 128 0
w 512 256 512 128 0
w 400 352 336 352 0
w 336 352 272 352 0
w 272 352 208 352 0
w 336 128 336 352 0
w 208 48 208 352 0
w 464 304 464 352 0
w 512 304 512 352 0
