$ 1 0.000005 10.20027730826997 50 5 50 5e-11
34 1,2 1 9.32e-11 0 3.7299999999758477 0 1
162 320 128 464 128 2 1,2 1 0 0 0.01
34 1,6 1 9.32e-11 0 3.7299999999758477 0 1
162 464 128 464 240 2 1,6 1 0 0 0.01
34 1,11 1 9.32e-11 0 3.7299999999758477 0 1
162 464 240 320 240 2 1,11 1 0 0 0.01
34 1,3 1 9.32e-11 0 3.7299999999758477 0 1
162 320 240 320 128 2 1,3 1 0 0 0.01
34 1,7 1 9.32e-11 0 3.7299999999758477 0 1
162 320 240 320 336 2 1,7 1 0 0 0.01
34 1,10 1 9.32e-11 0 3.7299999999758477 0 1
162 464 336 464 240 2 1,10 1 0 0 0.01
34 4,10 1 9.32e-11 0 3.7299999999758477 0 1
162 672 336 672 240 2 4,10 1 0 0 0.01
34 4,7 1 9.32e-11 0 3.7299999999758477 0 1
162 528 240 528 336 2 4,7 1 0 0 0.01
34 4,3 1 9.32e-11 0 3.7299999999758477 0 1
162 528 240 528 128 2 4,3 1 0 0 0.01
34 4,11 1 9.32e-11 0 3.7299999999758477 0 1
162 672 240 528 240 2 4,11 1 0 0 0.01
34 4,6 1 9.32e-11 0 3.7299999999758477 0 1
162 672 128 672 240 2 4,6 1 0 0 0.01
34 4,2 1 9.32e-11 0 3.7299999999758477 0 1
162 528 128 672 128 2 4,2 1 0 0 0.01
34 5,10 1 9.32e-11 0 3.7299999999758477 0 1
162 1040 336 1040 240 2 5,10 1 0 0 0.01
34 5,7 1 9.32e-11 0 3.7299999999758477 0 1
162 896 240 896 336 2 5,7 1 0 0 0.01
34 5,3 1 9.32e-11 0 3.7299999999758477 0 1
162 896 240 896 128 2 5,3 1 0 0 0.01
34 5,11 1 9.32e-11 0 3.7299999999758477 0 1
162 1040 240 896 240 2 5,11 1 0 0 0.01
34 5,6 1 9.32e-11 0 3.7299999999758477 0 1
162 1040 128 1040 240 2 5,6 1 0 0 0.01
34 5,2 1 9.32e-11 0 3.7299999999758477 0 1
162 896 128 1040 128 2 5,2 1 0 0 0.01
34 12,10 1 9.32e-11 0 3.7299999999758477 0 1
162 1248 336 1248 240 2 12,10 1 0 0 0.01
34 12,8 1 9.32e-11 0 3.7299999999758477 0 1
162 1104 336 1248 336 2 12,8 1 0 0 0.01
34 12,7 1 9.32e-11 0 3.7299999999758477 0 1
162 1104 240 1104 336 2 12,7 1 0 0 0.01
34 12,3 1 9.32e-11 0 3.7299999999758477 0 1
162 1104 240 1104 128 2 12,3 1 0 0 0.01
34 12,11 1 9.32e-11 0 3.7299999999758477 0 1
162 1248 240 1104 240 2 12,11 1 0 0 0.01
34 12,6 1 9.32e-11 0 3.7299999999758477 0 1
162 1248 128 1248 240 2 12,6 1 0 0 0.01
34 12,2 1 9.32e-11 0 3.7299999999758477 0 1
162 1104 128 1248 128 2 12,2 1 0 0 0.01
34 4,9 1 9.32e-11 0 3.7299999999758477 0 1
162 784 272 784 192 2 4,9 1 0 0 0.01
34 1,8 1 9.32e-11 0 3.7299999999758477 0 1
162 320 336 464 336 2 1,8 1 0 0 0.01
34 4,8 1 9.32e-11 0 3.7299999999758477 0 1
162 528 336 672 336 2 4,8 1 0 0 0.01
34 5,8 1 9.32e-11 0 3.7299999999758477 0 1
162 896 336 1040 336 2 5,8 1 0 0 0.01
! default 0 8,a,9,10,11,12,a,a,a,a,a,a,a,a 3,6,2,5,4,1,7,a,a,a,a,a,a,a custom\slogic \0
208 128 144 288 144 0 default 0 0 0 0 0 0 0 0 0 0 0 0 0 0
