$ 1 0.000005 0.008921851740926013 3 5 50 5e-11
v 96 352 208 352 0 1 60 110 0 0 0.5
404 96 352 96 432 0 0.0613 6.73 0.034071614627412906 false
r 208 352 208 432 0 300000
c 272 352 272 432 4 2.1999999999999998e-7 -108.44358523019375 0.001 0
178 448 96 336 96 6 1 0.2 0.001450558921074255 0.05 1000000 0.02 20 0.015 0.005 0
p 208 48 272 48 3 0 0 10000000
w 96 432 208 432 0
w 208 432 272 432 0
T 400 352 464 432 8 4 1 -0.7559762072222533 0.7574267661432871 0.999
w 336 112 336 128 0
w 448 96 448 48 0
w 448 48 272 48 0
r 336 352 336 432 0 300000
w 272 432 336 432 0
w 336 432 400 432 0
c 512 352 512 432 4 1e-7 -72.54625932923337 0.001 0
w 464 304 512 304 0
w 464 432 512 432 0
d 512 304 512 256 2 default
w 448 128 512 128 0
w 512 16 512 0 0
t 544 32 512 32 0 -1 0.4678195776906456 -5.680280984465147e-10 100 default
r 544 32 624 32 0 1000
r 512 432 592 432 0 10
! KP3114WP 0 L,ICG,VDD,FB BUS,DRAIN,GND KP3114WP \0
208 560 368 656 368 6144 KP3114WP -7.156300860599003e-23 0 -2.9223996305397106e-22
w 544 256 544 304 0
209 592 160 592 112 4 4.7 2.9223996305397106e-22 0.001 0 450
r 592 192 592 256 0 4700
209 544 256 592 256 4 0.0000047 -2.2067695444798103e-22 0.001 0 450
w 544 304 512 304 0
w 640 192 592 192 0
w 640 256 592 256 0
w 592 336 592 256 0
w 592 192 592 160 0
w 592 160 672 160 0
w 672 160 672 272 0
w 672 272 624 336 0
w 592 112 688 112 0
w 688 112 688 288 0
w 688 288 656 336 0
w 592 112 544 128 0
w 544 256 544 128 0
w 512 256 512 128 0
w 400 352 336 352 0
w 336 352 272 352 0
w 272 352 208 352 0
w 336 128 336 352 0
w 208 48 208 352 0
w 464 304 464 352 0
w 512 304 512 352 0
c 624 464 656 464 4 0.00001 0 0.001 0
r 720 432 720 368 0 120000
r 720 432 800 432 0 51000
w 656 464 656 432 0
w 624 432 624 464 0
w 624 464 624 496 0
w 800 432 800 496 0
l 800 432 800 368 0 1 0 0
r 720 368 800 368 0 10000
w 624 496 800 496 0
w 688 432 720 432 0
209 800 368 800 304 4 0.00021999999999999998 0 0.001 0.1 16
r 864 304 864 368 0 7500
c 800 272 864 272 4 0.00001 -3.867621838924336e-41 0.001 0
r 800 224 864 224 0 10000
r 848 128 912 128 0 10000
c 848 176 912 176 4 0.00001 -3.84101310977705e-41 0.001 0
w 864 304 800 304 0
w 864 368 800 368 0
w 800 224 800 272 0
w 864 272 864 224 0
w 848 128 848 176 0
w 912 128 912 176 0
w 864 224 880 208 0
w 864 304 800 272 0
w 848 128 800 128 0
w 800 128 800 224 0
w 880 208 880 80 0
350 880 80 800 80 0 100000 3605 -40 150 0.44060000000000005 Up/T
w 800 80 800 48 0
w 800 48 960 48 0
w 512 48 512 128 0
r 912 224 976 224 0 1000
r 912 272 976 272 0 1000
w 912 176 912 224 0
w 864 272 912 272 0
c 944 384 944 448 4 0.0003 0 0.001 0
p 1008 192 1088 192 3 0 0 10000000
p 1008 432 1088 432 3 0 0 10000000
p 1008 336 1088 336 3 0 0 10000000
p 1008 288 1088 288 3 0 0 10000000
p 1008 240 1088 240 3 0 0 10000000
g 1008 384 1088 384 0 0
w 912 128 960 128 0
350 960 128 960 48 0 100000 3605 -40 150 0.3416 Dn/T
w 1136 0 512 0 0
w 1008 384 944 384 0
w 864 304 944 384 0
w 864 368 944 448 0
w 1120 32 624 32 0
w 1088 432 1136 432 0
w 1088 288 1104 288 0
w 1088 336 1120 336 0
w 1136 432 1136 0 0
w 1120 32 1120 336 0
w 1104 288 1104 48 0
w 960 48 1104 48 0
w 976 224 1008 192 0
w 976 272 1008 240 0
w 1088 192 1088 240 0
w 1088 240 1008 288 0
w 1008 288 1008 336 0
w 1008 336 1008 384 0
w 1008 384 1008 432 0
l 640 192 640 256 0 0.001 1.1246451743496867e-17 0
x 93 329 125 332 4 12 AC_N
x 174 326 204 329 4 12 AC_L
x 20 394 90 397 4 12 T3.15A\s250V
