$ 1 0.000005 10.20027730826997 50 5 43 5e-11
! default 0 VCC,B,C,BTN GND,F,G,H \0 \0
208 256 192 384 192 0 default 0 0 0 0
34 D2 1 1.7143528192810002e-7 0 1.6329472510402083 0 1
d 320 352 272 352 2 D2
r 272 352 224 352 0 1000000
w 224 352 128 352 0
w 128 352 128 464 0
w 128 464 160 464 0
w 160 464 752 464 0
w 752 464 768 448 0
w 768 448 784 432 0
w 784 432 784 448 0
w 784 448 768 464 0
w 768 464 752 480 0
w 752 480 -240 480 0
w -240 480 -256 480 0
w -256 480 -272 480 0
v -272 480 -272 384 0 0 40 3 0 0 0.5
w 128 352 112 256 0
w 112 256 96 256 0
w 112 192 112 256 0
p 592 96 784 96 3 0 0 10000000
w 784 96 784 432 0
g 592 96 592 160 0 0
g -272 384 -272 336 0 0
w 112 192 256 192 0
g 320 352 352 352 0 0
l -192 368 -192 272 0 0.1 -1.7143528035175355e-7 0
34 T4 1 1.7143528192810002e-7 0 1.4890096514044453 0 1
d -144 208 -96 208 2 T4
f -144 320 -80 320 32 1.5 0.02
c -96 208 -96 256 4 0.00001 -0.03499140745280046 0.001 0
r -64 208 -64 160 0 130
w -96 208 -64 208 0
d 0 208 0 160 2 default
w -64 160 0 160 0
g 0 208 0 224 0 0
g -96 256 -96 272 0 0
g -80 304 -80 288 0 0
r -96 368 -48 368 0 1000
w -80 336 -96 368 0
w -144 208 -192 208 0
w -192 208 -192 272 0
w -144 320 -192 208 0
w -192 368 -192 464 0
w -192 464 128 464 0
w 352 288 352 320 0
w 352 320 -48 320 0
w -48 320 -48 368 0
f 480 352 432 352 33 1.5 0.02
w 0 160 512 160 0
w 512 160 512 400 0
w 512 400 432 400 0
w 432 400 432 368 0
370 400 48 480 48 3 0 0
r 432 256 480 256 0 1000
w 480 256 480 48 0
w 432 256 480 352 0
