$ 1 0.000005 10.20027730826997 50 5 50 5e-11
r 208 192 272 192 0 10
r 272 192 272 288 0 1000000000
v 208 192 208 288 0 1 60 110 0 0 0.5
w 208 288 272 288 0
c 336 192 336 288 4 1e-7 0 0 0
w 336 288 272 288 0
w 272 192 336 192 0
w 336 192 464 192 0
d 464 192 512 240 2 default
d 416 240 464 192 2 default
d 464 288 512 240 2 default
d 416 240 464 288 2 default
w 464 288 336 288 0
g 416 240 416 256 0 0
c 512 240 512 304 4 1e-7 0 0 0
! WS3413D7P 0 A,B,C,D E,F,G,H WS3413D7P \0
208 688 448 816 448 4096 WS3413D7P 0 0 0 0
g 512 304 512 320 0 0
w 512 240 592 240 0
w 720 512 752 512 0
w 720 512 592 512 0
w 592 240 592 512 0
r 592 240 672 240 0 300000
r 672 240 752 240 0 300000
w 752 416 752 240 0
209 752 416 784 416 4 0.000022 0.001 0.001 0 50
c 784 416 816 416 4 0.0000022 0.001 0.001 0
r 864 480 864 432 0 3
r 896 432 896 480 0 3
w 784 512 816 512 0
w 816 512 896 512 0
w 864 480 896 480 0
w 896 480 896 512 0
w 864 432 896 432 0
w 896 432 896 368 0
w 896 368 784 368 0
w 784 368 784 416 0
34 ES1J 0 1.7143528192810002e-7 0 2 0 0
d 832 240 752 240 2 ES1J
r 896 288 832 288 0 18000
r 832 240 896 240 0 18000
w 896 240 896 288 0
w 832 288 832 240 0
162 1120 336 1120 512 2 default-led 1 0 0 0.01
209 1040 336 1040 512 4 0.00009999999999999999 0.001 0.001 0 100
r 976 336 976 512 0 100000
34 ES2J 0 1.7143528192810002e-7 0 2 0 0
d 976 512 896 512 2 ES2J
w 976 512 1040 512 0
w 1040 512 1120 512 0
w 976 336 1040 336 0
w 1040 336 1120 336 0
r 672 416 672 368 0 5100
r 896 336 720 336 0 360000
c 608 416 608 368 4 4e-11 0 0 0
w 720 416 672 416 0
w 672 416 608 416 0
w 720 416 720 336 0
w 672 368 608 368 0
w 672 368 784 368 0
w 976 336 896 336 0
w 896 336 896 288 0
T 960 160 1040 272 8 4 1 0 0 0.999
