$ 1 0.000005 10.20027730826997 50 5 43 5e-11
34 M7 0 1.7143528192810002e-7 0 2 0 0
d -64 224 -16 176 2 M7
d -16 176 32 224 2 M7
d -16 272 32 224 2 M7
d -64 224 -16 272 2 M7
v -160 176 -160 272 0 1 60 110 0 0 0.5
w -112 176 -16 176 0
w -112 272 -16 272 0
c -112 176 -112 272 4 6.8e-9 -16.319768728820854 0.001 0.1
w -160 176 -112 176 0
l -160 272 -112 272 0 0.0002 0.00027886877174068724 0
209 64 224 64 304 4 0.000022 108.87104543315863 0.001 0 1
c 128 224 128 304 4 6.8e-8 87.51303283494822 0.001 0
r 192 224 192 368 0 330000
32 13003 0 1e-13 0 0 1.5 0 0 2 1 1 0 0 1
t 240 256 272 256 0 1 -92.82654647118771 -5.400069456624074 100 13003
w 32 224 64 224 0
w 64 224 128 224 0
w 128 224 192 224 0
w 192 224 272 224 0
g 64 304 64 320 0 0
181 -16 368 -64 368 0 300.0001382833818 100 120 0.4 0.4
c 128 368 192 368 4 1e-7 -0.08652698780971235 0.001 0
w 128 368 128 304 0
w 192 368 272 368 0
406 192 416 128 512 1 0.000016 0.999 10,1:1 3 -9.297096426053031e-11 -8.221297136401517e-7 0.00020882347104844712 
w 192 400 192 368 0
w 192 416 192 400 0
w 192 400 128 400 0
w 128 400 128 416 0
w 272 240 272 224 0
w 240 448 240 256 0
r 272 480 320 480 0 3
g 320 480 320 496 0 0
g 192 496 192 512 0 0
r 192 448 208 448 0 6
w 128 368 -16 368 0
w 272 448 272 368 0
t 240 464 272 464 0 1 -20.903404852273642 0.5407704660628919 100 13003
r 272 272 272 368 0 330000
g -64 224 -64 240 0 0
203 352 560 240 560 0 500 100000000 30 0.01
w 272 368 352 368 0
w 352 368 400 368 0
d 352 416 352 368 2 M7
r 400 368 400 416 0 2
w 352 560 352 416 0
w 352 416 400 416 0
c 352 560 400 560 4 1e-9 21.444533572248027 0.001 0
g 400 560 400 576 0 0
r 192 464 208 464 0 5
w 208 448 240 448 0
w 208 464 240 464 0
w 240 464 240 560 0
l 128 496 48 496 0 0.001 0.00020882347094189997 0
181 48 496 0 496 0 300.0001382833818 100 120 0.4 0.4
350 -96 368 -96 496 0 400 3605 -40 150 0.3416 Temperature
w 0 496 -96 496 0
w -64 368 -96 368 0
c -160 496 -160 368 4 1.5e-9 0.08352129878478465 0.001 0
w -96 368 -160 368 0
w -160 496 -96 496 0
