$ 1 0.000005 5.023272298708815 50 5 43 5e-11
v -112 272 -112 176 0 1 60 110 0 0 0.5
34 1N4007 1 1.7143528192810002e-7 0 2.0000000000000084 0 1
d -48 224 0 272 2 1N4007
d -48 224 0 176 2 1N4007
d 0 272 48 224 2 1N4007
d 0 176 48 224 2 1N4007
d 256 320 256 352 2 1N4007
r 0 272 -64 272 0 5
r -112 272 -64 272 0 180000
g -48 224 -48 240 0 0
g 256 352 256 368 0 0
209 192 224 192 272 4 0.00021999999999999998 10.243896177740758 0 0 16
g 192 272 192 288 0 0
r 144 240 144 224 0 470
162 144 240 144 272 2 default-led 0 1 0 0.01
g 144 272 144 288 0 0
r 144 208 144 224 0 470
162 144 208 144 176 2 default-led 1 0 0 0.01
r 192 224 192 208 0 47
w 192 224 256 224 0
w 144 224 192 224 0
w 48 224 144 224 2
34 zener-9-5 1 1.7143528192810002e-7 0 2.0000000000000084 9 1
z 320 224 256 224 2 zener-9-5
r 320 224 336 224 0 150
r 352 224 352 240 0 220
c -112 320 -64 320 4 0.000006799999999999999 91.06993457493324 0.001 0.1
v 256 320 256 224 0 0 40 9.600000000000001 0 0 0.5
t 352 224 400 224 0 1 -7.173909979171317 0.697810482492799 100 default
g 352 240 352 256 0 0
g 400 240 400 256 0 0
w 144 176 192 176 0
w 400 176 192 176 0
w 400 208 400 176 0
w 336 224 352 224 0
w 192 208 192 176 0
s -112 176 0 176 0 0 false
x -96 155 384 158 4 24 調整電壓源模擬電池充電，紅燈閃爍代表充飽
181 48 320 112 320 0 300 100 1 0.4 0.4
207 -112 320 -112 368 4 未知A
207 -64 320 -64 368 4 未知B
x 55 341 103 344 6 12 氪氣燈泡
w -112 320 -112 272 0
w -64 272 -64 320 0
w 112 320 256 320 0
o 20 64 0 4099 40 12.8 0 4 20 3 25 0 25 3
38 25 F1 0 -20 20 -1 Voltage
