$ 1 0.000005 382.76258214399064 36 5 50 5e-11
v 96 240 96 368 0 1 60 110 0 0 0.5
404 208 240 96 240 0 0.0613 6.73 0 false
c 272 240 272 368 4 2.2e-7 12.483696451251262 0 0
178 400 480 288 480 2 1 0.2 -0.4963657963274828 0.05 1000000 0.02 20 0.015 0.005 1
w 96 368 208 368 0
w 208 368 272 368 0
r 336 240 336 368 0 300000
w 272 368 336 368 0
w 336 368 400 368 0
c 608 240 608 368 4 1.0000000000000001e-7 12.527730003622901 0 0
w 464 240 608 240 0
w 464 368 608 368 0
34 M7 1 1.7143528192810002e-7 0 2.4816827523407423 1000 1
d 464 368 464 528 2 M7
32 Y2 0 1.5 0 0 1.5 0 0 2 1 1 1.4285714285714284 0.002 1
t 480 560 480 528 0 -1 0.00648349690984551 0.0031169042758250054 1 Y2
r 496 528 496 480 0 1000
r 768 240 704 240 0 10
209 880 416 880 480 4 0.0000047 -9.736744743804593e-11 0 0 450
r 816 416 880 416 0 4700
209 816 416 816 480 4 0.0000047 -9.726086602768191e-11 0 0 450
w 400 240 336 240 0
w 336 240 272 240 0
w 272 240 208 240 0
c 912 224 912 176 4 0.000009999999999999999 7 0 0.1
r 912 128 912 80 0 120000
r 912 176 912 128 0 51000
l 880 176 880 32 0 1 0.5008099847597263 0
r 912 80 912 32 0 10000
209 912 32 976 32 4 0.00021999999999999998 6.508000120945557 0 0.1 16
r 976 480 1056 480 0 7500
c 704 96 704 48 4 0.000009999999999999999 0 0 0
r 704 48 768 48 0 10000
r 704 -16 704 48 0 1000
c 976 528 1056 528 4 0.0003 -6.507877122613232 0 0
350 704 48 608 48 0 100000 3605 0 140 0.8069000000000001 Up/T
l 816 384 880 384 0 0.001 -2.1140510132395777e-14 0
x 111 262 181 265 4 12 T3.15A\s250V
O 704 -16 768 -16 1 0
w 704 240 608 240 0
w 608 368 608 480 0
O 512 -16 432 -16 1 0
350 608 48 512 48 0 100000 3605 0 140 0.7475 Dn/T
r 512 -16 512 48 0 1000
r 448 48 512 48 0 10000
c 512 96 512 48 4 0.000009999999999999999 0 0 0
O 608 48 608 -16 1 0
w 448 48 448 96 0
w 448 96 512 96 0
w 704 96 768 96 0
w 768 48 768 96 0
w 608 176 608 48 0
w 512 96 608 96 0
w 608 96 704 96 0
r 208 240 208 368 0 470000
x 94 402 318 405 4 24 電飯鍋110v\s交流輸入
x 29 540 269 543 4 24 繼電器控制加熱盤加熱
x 447 127 591 130 4 24 底座熱敏電阻
x 632 128 776 131 4 24 上蓋熱敏電阻
O 1056 528 1120 528 1 0
x 1070 563 1235 566 4 24 給MCU\s5v\s供電
x 461 -40 762 -37 4 24 MCU\s透過熱敏電阻判斷溫度
x 558 549 859 552 4 24 MCU\s控制開關管啟動繼電器
w 400 368 400 480 0
w 400 528 464 528 0
w 480 560 1056 560 0
w 976 528 976 480 0
w 1056 528 1056 480 0
w 1056 528 1056 560 0
w 400 480 400 512 0
O 976 528 912 528 1 0
s 496 480 608 480 0 0 false
w 16 496 288 496 0
w 16 240 96 240 0
T 400 240 464 368 8 4 1 -0.004430840498333132 -0.00004924206405719283 0.999
. KP3114WP 1 5 2 7 Bus 5 0 1 Drain 6 2 1 FB 4 4 0 GND 7 4 1 ICG 2 2 0 L 1 0 0 VDD 3 3 0 DiodeElm\s7\s8\rDiodeElm\s9\s7\rDiodeElm\s9\s1\rDiodeElm\s1\s8\rProbeElm\s8\s9\rMosfetElm\s4\s6\s5\rRailElm\s2\rRailElm\s3 2\\sdefault\s2\\sdefault\s2\\sdefault\s2\\sdefault\s3\\s0\\s0\\s10000000\s33\\s1.5\\s0.02\s0\\s0\\s40\\s5\\s0\\s0\\s0.5\s0\\s0\\s40\\s12\\s0\\s0\\s0.5
410 784 272 880 352 1 KP3114WP 2\sdefault 2\sdefault 2\sdefault 2\sdefault 3\s0\s0\s10000000 33\s1.5\s0.02 0\s0\s40\s5\s0\s0\s0.5 0\s0\s40\s12\s0\s0\s0.5
w 816 336 816 384 2
w 880 336 880 384 2
w 816 416 816 384 0
w 880 416 880 384 0
w 816 480 880 480 0
w 880 480 944 480 0
w 944 336 944 480 2
w 816 480 608 480 0
w 912 240 912 224 2
w 880 240 880 224 2
w 944 240 944 80 2
w 912 80 944 80 0
w 912 176 880 176 0
w 880 176 880 224 0
w 880 32 912 32 0
w 944 480 976 480 0
w 768 240 816 240 2
w 880 176 608 176 0
w 912 32 912 0 0
w 912 0 1056 0 0
w 1056 0 1056 480 0
w 976 32 976 480 0
181 16 496 16 240 0 1401.8986910828955 100 120 0.4 0.4
