$ 1 0.000005 10.20027730826997 50 5 50 5e-11
207 464 384 512 384 4 UP/T
207 464 352 512 352 4 DN/T
207 464 128 512 128 4 N\p
207 400 176 512 176 4 JDQ
207 400 224 512 224 4 GND
207 464 272 512 272 4 \p5V
d 464 272 400 272 2 default
209 400 272 400 224 4 0.00009999999999999999 -0.00008971936949743371 0 0.1 1
w 336 224 288 224 0
w 336 224 400 224 0
r 464 272 464 336 0 470
c 288 336 288 224 4 1 -1.3086964335347383e-10 0 0
c 336 224 336 272 4 0.00001 0.00008971934248763871 0.001 0
w 336 272 400 272 0
178 288 368 464 368 14 1 0.2 2.971077379889894e-10 0.05 1000000 0.02 20 0.015 0.005 0
R 464 128 416 128 0 0 40 5 0 0 0.5
r 400 176 400 224 0 1
