$ 1 0.000005 382.76258214399064 21 5 50 5e-11
207 576 272 576 320 4 L
207 304 288 304 176 4 ICG
207 384 288 384 176 4 VDD
207 736 272 688 272 4 FB
207 784 256 736 224 4 Bus
207 784 288 736 320 4 Drain
207 448 272 448 320 4 GND
d 448 272 512 208 2 default
d 512 336 448 272 2 default
d 512 336 576 272 2 default
d 576 272 512 208 2 default
v 448 272 576 272 0 1 60 110 0 0 0.5
w 512 336 784 336 0
w 512 208 784 208 0
f 736 272 784 272 33 1.5 0.02
R 304 288 304 336 0 0 40 5 0 0 0.5
R 384 288 384 336 0 0 40 12 0 0 0.5
w 784 208 784 256 0
w 784 288 784 336 0
