$ 1 0.000005 382.76258214399064 89 5 43 5e-11
v 48 304 48 400 0 1 60 110 0 0 0.5
404 96 400 48 400 0 0.0613 6.73 0 false
c 96 304 96 400 4 3.3e-7 16.04539803653024 0 0
w 48 304 96 304 0
w 96 304 160 304 0
T 160 304 160 400 8 0.115 1 0.0015967111051503006 -0.0015967111051622004 0.999
w 96 400 160 400 0
c 224 304 224 400 4 2.7e-10 16.044535414712584 0 0.1
34 GS1J 0 2e-9 0 1.7057205204 0 0
d 384 400 432 400 2 GS1J
350 384 400 288 400 0 10000 3605 -40 150 0.33170000000000005 SCK\s103
209 384 304 384 400 4 0.000032999999999999996 -0.7947393113359459 0 0 250
r 656 208 656 128 0 470000
c 544 208 608 208 4 1.0000000000000001e-7 -0.08821032790531708 0 0
r 880 176 816 176 0 100
r 544 304 544 400 0 360000
w 544 400 608 400 0
r 608 208 608 400 0 2000000
c 784 256 832 256 4 6.8e-10 -0.000004714792308221916 0 0
r 832 448 608 448 0 2000000
c 976 336 976 288 4 1e-7 0.052147465777866026 0 0
181 976 336 976 400 0 300 100 120 0.4 0.4
c 288 400 288 352 4 2.2e-9 -8.022268261174595 0 0
d 432 400 480 400 2 GS1J
w 192 400 224 400 0
209 480 400 480 304 4 0.000032999999999999996 0.15429175422940222 0 0 250
c 288 352 288 304 4 2.2e-9 -8.022268261221285 0 0
w 224 400 288 400 0
w 224 304 192 304 0
34 ?? 0 1.7143528192810002e-7 0 2 0 0
d 544 128 608 128 2 ??
d 544 128 544 208 2 ??
w 224 304 288 304 0
w 288 304 384 304 0
w 384 304 480 304 0
r 544 208 544 304 0 360000
203 608 208 608 128 0 40 10000000 34 0.002
w 608 128 656 128 0
w 608 208 656 208 0
34 GU1K 0 1.7143528192810002e-7 0 2 0 0
d 656 128 768 128 2 GU1K
d 768 176 768 128 2 ??
d 768 176 816 176 2 ??
r 816 208 880 208 0 100
f 784 304 832 304 40 2 5.6818181818181825
f 784 368 832 368 40 2 5.6818181818
406 880 144 976 160 0 0.0005 0.999 1,1:0.071 3 -2.928943148694892e-16 -4.714771297133455e-8 6.752637091167301e-11 
w 880 144 880 128 0
w 880 128 976 128 0
w 976 128 976 144 0
w 768 128 880 128 0
w 880 208 880 192 0
w 816 208 656 208 0
w 880 224 880 288 0
w 880 288 832 288 0
w 656 208 656 304 0
w 656 304 784 304 0
w 832 256 832 288 0
w 784 256 784 304 0
w 832 320 832 352 0
350 832 400 608 400 0 10000 3605 -40 150 0.3416 SEKI\sST-22
w 832 384 832 400 0
w 832 400 976 400 0
l 976 288 976 224 0 0.0006 -6.751755109862443e-11 0
w 608 400 608 448 0
w 832 448 1056 448 0
w 976 128 1056 128 0
w 1056 128 1056 448 0
w 816 176 784 368 0
w 480 304 544 304 0
w 480 400 544 400 0
