$ 1 0.000005 10.20027730826997 50 5 43 5e-11
v -32 176 -32 272 0 1 60 110 0 0 0.5
404 -32 176 48 176 0 0.0613 6.73 0 false
r 48 176 48 272 0 510000
c 96 176 96 272 4 1e-7 -94.18527208412438 0 0
w -32 272 48 272 0
w 48 272 96 272 0
w 48 176 96 176 0
d 160 224 208 176 2 default
d 160 224 208 272 2 default
d 208 176 256 224 2 default
d 208 272 256 224 2 default
w 96 272 208 272 0
w 96 176 208 176 0
g 160 224 160 240 0 0
c 304 224 304 272 4 470000 108.8307160492924 0 0
r 368 224 368 272 0 510000
w 256 224 304 224 0
w 304 224 368 224 0
g 304 272 304 288 0 0
g 368 272 368 288 0 0
209 304 304 304 368 4 0.000022 0 0 0 50
f 560 416 608 416 32 1.5 0.02
c 528 688 528 624 4 0.0000010000000000000002 0 0.001 0
c 608 640 608 688 4 2.1999999999999998e-11 0 0.001 0
c 432 112 432 176 4 2.2e-9 0 0 0
406 784 224 880 368 0 4 0.999 1,1:1 3 0 0 0 
w 368 224 496 224 0
g 784 304 784 320 0 0
r 496 112 496 176 0 200000
w 432 176 496 176 0
w 496 176 496 224 0
w 432 112 496 112 0
34 RS1M 0 1.7143528192810002e-7 0 2 0 0
d 384 176 384 112 2 RS1M
w 384 176 432 176 0
w 384 112 432 112 0
w 496 224 784 224 0
w 496 256 496 368 0
w 496 368 608 368 0
w 608 368 608 400 0
r 496 368 400 368 0 200000
r 400 368 304 368 0 200000
34 M7 0 1.7143528192810002e-7 0 2 0 0
d 208 368 304 368 2 M7
r 208 368 144 368 0 24
g 144 368 144 384 0 0
! default 0 A,B,E C,D,F custom\slogic \0
208 432 560 496 560 4096 default 0 0 0
r 608 464 704 464 0 1.1
r 608 432 704 432 0 0.91
r 608 496 704 496 0 0.91
w 608 432 608 464 0
w 608 464 608 496 0
w 704 432 704 464 0
w 704 464 704 496 0
g 704 496 704 512 0 0
r 608 496 608 640 0 2000
w 464 624 464 640 0
w 464 640 608 640 0
34 T4 0 1.7143528192810002e-7 0 2 0 0
d 560 416 464 416 2 T4
r 464 448 560 448 0 47
w 560 448 560 416 0
w 464 448 464 416 0
r 560 496 608 496 0 5100
w 560 496 560 448 0
w 464 416 416 416 0
w 416 416 416 528 0
w 416 528 464 528 0
c 496 704 496 752 4 2.1999999999999998e-11 0 0.001 0
g 608 688 608 704 0 0
g 528 688 528 704 0 0
g 464 752 464 784 0 0
w 496 704 464 704 0
r 464 704 464 752 0 7500
w 464 752 496 752 0
w 496 624 496 704 0
g 304 304 272 304 0 0
w 496 528 496 480 0
w 496 480 304 480 0
w 304 368 304 480 0
r 416 704 416 752 0 43000
w 416 752 464 752 0
w 416 704 464 704 0
w 784 256 496 256 0
w 496 256 496 224 0
