$ 1 0.000005 10.20027730826997 50 5 50 5e-11
v 128 224 128 128 0 1 60 110 0 0 0.5
404 128 224 192 224 0 0.0613 6.73 0 false
r 192 224 192 128 0 560000
w 128 128 192 128 0
c 272 224 272 128 4 1.0000000000000001e-7 82.64951869472121 0 0
w 192 224 272 224 0
w 192 128 272 128 0
T 336 128 400 224 8 4 1 0.0027601832017157394 -0.002760177215600249 0.999
w 336 224 272 224 0
w 272 128 336 128 0
c 432 224 432 128 4 1.0000000000000001e-7 82.672405583744 0 0
w 400 128 432 128 0
w 400 224 432 224 0
d 512 176 560 128 2 default
d 560 128 608 176 2 default
d 512 176 560 224 2 default
d 560 224 608 176 2 default
w 432 224 560 224 0
w 432 128 560 128 0
g 512 176 512 192 0 0
c 656 176 656 224 4 3.3e-7 107.97221820304915 0 0.1
w 608 176 656 176 0
w 656 176 736 176 0
406 1040 176 1168 288 0 4 0.999 1,1:1 3 0.0000012512520222788905 -1.711030301888028e-7 8.161586940149924e-11 
c 1040 128 1104 128 4 1e-9 -9.472738327076513e-7 0 0
w 1168 176 1168 128 0
w 1040 176 1040 128 0
w 864 176 1040 176 0
209 1232 176 1232 256 4 0.0006799999999999999 1.4598754205508158e-8 0 0.1 50
209 1296 176 1296 256 4 0.00047 1.4593794617212552e-8 0 0 50
w 1168 256 1232 256 0
w 1296 176 1232 176 0
162 1408 176 1408 256 2 default-led 1 0 0 0.01
w 1232 256 1296 256 0
w 1360 176 1296 176 0
r 624 608 624 512 0 86600
! SFL900SG 0 DEM,GND,GD,VCC CS,MULT,COMP,FB SFL900SG \0
208 704 448 768 448 6144 SFL900SG 1.7513049511127571e-19 1.7522429559271026e-19 0 0
34 RS1M 1 1.7143528192810002e-7 0 2.0000000000000084 0 1
d 832 608 832 560 2 RS1M
r 832 512 832 560 0 10
209 864 512 928 512 4 0.000047 1.8612619548632552 0 0 50
r 800 672 800 736 0 100
d 768 736 768 672 2 default
w 768 736 800 736 0
w 768 672 800 672 0
w 800 672 800 512 0
f 800 736 848 736 32 1.5 0.02
g 768 512 768 528 0 0
r 608 400 608 352 0 1.5
r 560 400 560 352 0 1.5
r 656 400 656 352 0 1.6
r 1360 176 1360 256 0 15000
w 1360 176 1408 176 0
w 1296 256 1360 256 0
r 1104 80 1040 80 0 330000
c 1104 128 1168 128 4 2.2000000000000003e-9 -0.0020241980869286635 0 0
r 1104 16 1040 16 0 330000
r 1104 48 1040 48 0 330000
r 1104 -16 1040 -16 0 330000
w 1040 -16 1040 16 0
w 1040 16 1040 48 0
w 1040 48 1040 80 0
w 1040 80 1040 128 0
w 1104 80 1104 128 0
w 1104 80 1104 48 0
w 1104 16 1104 48 0
w 1104 -16 1104 16 0
d 992 208 992 -16 2 default
r 768 240 768 304 0 1500000
r 768 176 768 240 0 1500000
c 848 304 768 304 4 0.000099 -1.7522429559271026e-19 0.001 0
r 432 272 288 272 0 1000000
r 128 272 288 272 0 1000000
w 432 272 432 224 0
w 128 224 128 272 0
r 768 352 848 352 0 15000
w 768 352 768 416 0
c 800 416 832 416 4 0.00001 0 0.001 0
w 1360 256 1408 256 0
34 SFF\s1640CT 1 1.7143528192810002e-7 0 2.0000000000000084 0 1
d 1168 176 1232 176 2 SFF\s1640CT
w 768 304 768 352 0
c 736 304 656 304 4 0.000099 1.7513049511127571e-19 0.001 0
r 736 352 656 352 0 47
r 512 400 512 352 0 3.9
w 512 352 560 352 0
w 560 352 608 352 0
w 608 352 656 352 0
w 656 400 608 400 0
w 608 400 560 400 0
w 560 400 512 400 0
r 736 176 736 240 0 1500000
r 736 240 736 304 0 1500000
w 736 176 768 176 0
w 736 352 736 416 0
w 736 304 736 352 0
r 560 512 560 576 0 14300
c 496 512 496 576 4 0.000099 -3.2261973361540665e-7 0 0
w 624 512 560 512 0
w 496 576 560 576 0
w 624 512 736 512 0
r 800 736 800 800 0 20000
r 864 176 864 240 0 330000
r 864 240 864 304 0 330000
w 864 176 768 176 0
w 864 304 864 512 0
w 864 512 832 512 0
g 1040 224 1024 224 0 0
w 992 208 1040 208 0
w 992 208 992 720 0
w 832 608 1040 608 0
w 1040 256 1040 608 0
g 656 224 656 240 0 0
g 512 400 512 416 0 0
g 496 576 496 592 0 0
w 496 512 560 512 0
w 832 608 624 608 0
w 848 304 848 352 0
g 848 352 848 368 0 0
g 656 304 656 320 0 0
g 928 512 928 528 0 0
g 800 800 800 816 0 0
w 848 720 992 720 0
w 992 -16 1040 -16 0
w 848 752 848 864 0
w 848 864 416 864 0
w 416 864 416 352 0
w 416 352 512 352 0
