$ 1 0.000005 10.20027730826997 50 5 43 5e-11
162 320 128 368 128 2 default-led 1 0 0 0.01
162 224 160 272 128 2 default-led 1 0 0 0.01
162 368 128 416 128 2 default-led 1 0 0 0.01
162 416 128 464 128 2 default-led 1 0 0 0.01
162 464 128 512 128 2 default-led 1 0 0 0.01
162 512 128 560 128 2 default-led 1 0 0 0.01
162 560 128 608 160 2 default-led 1 0 0 0.01
162 272 128 320 128 2 default-led 1 0 0 0.01
162 272 192 320 192 2 default-led 1 0 0 0.01
162 560 192 608 160 2 default-led 1 0 0 0.01
162 512 192 560 192 2 default-led 1 0 0 0.01
162 464 192 512 192 2 default-led 1 0 0 0.01
162 416 192 464 192 2 default-led 1 0 0 0.01
162 368 192 416 192 2 default-led 1 0 0 0.01
162 224 160 272 192 2 default-led 1 0 0 0.01
162 320 192 368 192 2 default-led 1 0 0 0.01
v 608 256 224 256 0 0 40 130 0 0 0.5
w 224 160 224 256 0
w 608 160 608 256 0
