$ 1 0.000005 10.20027730826997 50 5 43 5e-11
v -64 176 -64 272 0 1 60 110 0 0 0.5
404 -64 176 0 176 0 0.0613 6.73 0 true
r 0 176 0 272 0 510000
c 64 176 64 272 4 1e-7 0.0007752930810915502 0 0
w -64 272 0 272 0
w 0 272 64 272 0
w 0 176 64 176 0
d 128 224 176 176 2 default
d 128 224 176 272 2 default
d 176 176 224 224 2 default
d 176 272 224 224 2 default
w 64 272 176 272 0
w 64 176 176 176 0
g 128 224 128 240 0 0
c 272 224 272 272 4 470000 9.171439731899123e-8 0 0
r 336 224 336 272 0 510000
w 224 224 272 224 0
w 272 224 336 224 0
g 272 272 272 288 0 0
g 336 272 336 288 0 0
209 384 352 496 352 4 0.000022 3.866001214520191e-8 0 0 50
f 272 464 224 464 32 1.5 0.02
c 480 624 416 624 4 0.0000010000000000000002 0 0.001 0
c 224 624 224 672 4 2.1999999999999998e-11 9.810860191449241e-14 0.001 0.1
c 432 224 432 256 4 2.2e-9 1.0855828891290881e-15 0 0
406 640 224 736 368 0 4 0.999 1,1:1 3 3.048617023280551e-13 1.2811051137610312e-13 7.167834106928839e-20 
g 640 304 640 320 0 0
r 496 224 496 256 0 200000
34 RS1M 0 1.7143528192810002e-7 0 2 0 0
d 608 256 496 256 2 RS1M
r 384 224 384 288 0 200000
r 384 352 384 288 0 200000
34 M7 0 1.7143528192810002e-7 0 2 0 0
d 272 352 384 352 2 M7
r 272 352 144 352 0 24
! default 0 A,B,E C,D,F custom\slogic \0
208 320 560 384 560 4096 default 0 0 0
r 176 528 224 528 0 1.1
r 176 480 224 480 0 0.91
r 176 624 224 624 0 0.91
w 272 464 272 528 0
w 176 480 176 528 0
g 176 624 176 640 0 0
r 224 624 352 624 0 2000
34 T4 0 1.7143528192810002e-7 0 2 0 0
d 272 464 320 464 2 T4
r 272 528 320 528 0 47
w 320 528 320 464 0
r 224 528 272 528 0 5100
w 352 528 320 528 0
c 496 672 496 720 4 2.1999999999999998e-11 0 0.001 0
g 224 672 224 688 0 0
g 480 624 480 640 0 0
g 496 720 496 736 0 0
r 432 672 432 720 0 7500
w 432 720 496 720 0
r 384 672 384 720 0 43000
w 384 720 384 768 0
w 640 272 624 272 0
w 624 272 624 768 0
w 384 768 624 768 0
w 144 352 144 768 0
w 144 768 384 768 0
g 416 528 432 528 0 0
w 432 256 496 256 0
c 736 304 736 352 4 2.2e-9 1.771274218668726e-18 0 0
g 736 352 736 368 0 0
209 736 304 736 256 4 0.00047 -1.3536725566711002e-14 0 0.1 50
209 800 304 800 256 4 0.00047 -1.3536725566711022e-14 0 0.1 50
209 864 304 864 256 4 0.00047 -1.353672317696873e-14 0 0 50
w 736 304 800 304 0
w 800 304 864 304 0
162 928 304 928 256 2 default-led 1 0 0 0.01
34 SF56G 0 1.7143528192810002e-7 0 2 0 0
d 800 224 800 256 2 SF56G
d 736 224 736 256 2 SF56G
w 736 256 800 256 0
w 800 256 864 256 0
w 736 224 800 224 0
w 864 256 928 256 0
w 864 304 928 304 0
w 432 224 496 224 0
w 608 400 608 256 0
w 336 224 384 224 0
w 384 224 432 224 0
g 496 352 496 368 0 0
w 384 352 384 528 0
w 176 528 176 624 0
w 224 480 224 528 0
w 224 528 224 624 0
w 224 448 224 400 0
w 224 400 608 400 0
w 384 624 384 672 0
w 608 256 640 256 0
w 640 224 496 224 0
w 384 672 432 672 0
w 432 672 496 672 0
