$ 1 0.000015625 10.20027730826997 50 5 50 5e-11
34 1,2 1 9.32e-11 0 3.7299999999758477 0 1
162 464 128 608 128 2 1,2 1 0 0 0.01
34 1,6 1 9.32e-11 0 3.7299999999758477 0 1
162 608 128 608 240 2 1,6 1 0 0 0.01
34 1,11 1 9.32e-11 0 3.7299999999758477 0 1
162 608 240 464 240 2 1,11 1 0 0 0.01
34 1,3 1 9.32e-11 0 3.7299999999758477 0 1
162 464 128 464 240 2 1,3 1 0 0 0.01
34 1,7 1 9.32e-11 0 3.7299999999758477 0 1
162 464 240 464 336 2 1,7 1 0 0 0.01
34 1,10 1 9.32e-11 0 3.7299999999758477 0 1
162 608 336 608 240 2 1,10 1 0 0 0.01
34 4,10 1 9.32e-11 0 3.7299999999758477 0 1
162 816 336 816 240 2 4,10 1 0 0 0.01
34 4,7 1 9.32e-11 0 3.7299999999758477 0 1
162 672 240 672 336 2 4,7 1 0 0 0.01
34 4,3 1 9.32e-11 0 3.7299999999758477 0 1
162 672 240 672 128 2 4,3 1 0 0 0.01
34 4,11 1 9.32e-11 0 3.7299999999758477 0 1
162 816 240 672 240 2 4,11 1 0 0 0.01
34 4,6 1 9.32e-11 0 3.7299999999758477 0 1
162 816 128 816 240 2 4,6 1 0 0 0.01
34 4,2 1 9.32e-11 0 3.7299999999758477 0 1
162 672 128 816 128 2 4,2 1 0 0 0.01
34 5,10 1 9.32e-11 0 3.7299999999758477 0 1
162 1184 336 1184 240 2 5,10 1 0 0 0.01
34 5,7 1 9.32e-11 0 3.7299999999758477 0 1
162 1040 240 1040 336 2 5,7 1 0 0 0.01
34 5,3 1 9.32e-11 0 3.7299999999758477 0 1
162 1040 240 1040 128 2 5,3 1 0 0 0.01
34 5,11 1 9.32e-11 0 3.7299999999758477 0 1
162 1184 240 1040 240 2 5,11 1 0 0 0.01
34 5,6 1 9.32e-11 0 3.7299999999758477 0 1
162 1184 128 1184 240 2 5,6 1 0 0 0.01
34 5,2 1 9.32e-11 0 3.7299999999758477 0 1
162 1040 128 1184 128 2 5,2 1 0 0 0.01
34 12,10 1 9.32e-11 0 3.7299999999758477 0 1
162 1392 336 1392 240 2 12,10 1 0 0 0.01
34 12,8 1 9.32e-11 0 3.7299999999758477 0 1
162 1248 336 1392 336 2 12,8 1 0 0 0.01
34 12,7 1 9.32e-11 0 3.7299999999758477 0 1
162 1248 240 1248 336 2 12,7 1 0 0 0.01
34 12,3 1 9.32e-11 0 3.7299999999758477 0 1
162 1248 240 1248 128 2 12,3 1 0 0 0.01
34 12,11 1 9.32e-11 0 3.7299999999758477 0 1
162 1392 240 1248 240 2 12,11 1 0 0 0.01
34 12,6 1 9.32e-11 0 3.7299999999758477 0 1
162 1392 128 1392 240 2 12,6 1 0 0 0.01
34 12,2 1 9.32e-11 0 3.7299999999758477 0 1
162 1248 128 1392 128 2 12,2 1 0 0 0.01
34 4,9 1 9.32e-11 0 3.7299999999758477 0 1
162 928 272 928 192 2 4,9 1 0 0 0.01
34 1,8 1 9.32e-11 0 3.7299999999758477 0 1
162 464 336 608 336 2 1,8 1 0 0 0.01
34 4,8 1 9.32e-11 0 3.7299999999758477 0 1
162 672 336 816 336 2 4,8 1 0 0 0.01
34 5,8 1 9.32e-11 0 3.7299999999758477 0 1
162 1040 336 1184 336 2 5,8 1 0 0 0.01
! default 0 11,L5,10,9,8,7,K4,K5,K6,BUZ,N\p,JDQ,GND,VCC 3,6,2,5,4,1,12,G1,G2,K3,K2,UP/T,DN/T,K1 custom\slogic 00000000001000\q10000010000000\n00000000001000\q10000010000000\n
208 128 144 288 144 0 default 0 0 0 0 0 0 0 0 0 0 0 0 0 0
34 K4\s\q\sG2,7 1 9.32e-11 0 3.7299999999758477 0 1
162 1520 320 1520 400 2 K4\s\q\sG2,7 1 0 0 0.01
34 L7\s\q\sG1,7 1 9.32e-11 0 3.7299999999758477 0 1
162 1520 48 1520 144 2 L7\s\q\sG1,7 1 0 0 0.01
34 L6\s\q\sG1,10 1 9.32e-11 0 3.7299999999758477 0 1
162 1344 -48 1408 -48 2 L6\s\q\sG1,10 1 0 0 0.01
34 G1,\sL5 1 9.32e-11 0 3.7299999999758477 0 1
162 1152 -48 1216 -48 2 G1,\sL5 1 0 0 0.01
34 L4\s\q\sG1,3 1 9.32e-11 0 3.7299999999758477 0 1
162 976 -48 1040 -48 2 L4\s\q\sG1,3 1 0 0 0.01
34 L3\s\q\sG1,2 1 9.32e-11 0 3.7299999999758477 0 1
162 784 -48 864 -48 2 L3\s\q\sG1,2 1 0 0 0.01
34 L2\s\q\sG1,11 1 9.32e-11 0 3.7299999999758477 0 1
162 608 -48 672 -48 2 L2\s\q\sG1,11 1 0 0 0.01
34 L1\s\q\sG1,9 1 9.32e-11 0 3.7299999999758477 0 1
162 496 -48 560 -48 2 L1\s\q\sG1,9 1 0 0 0.01
r 128 240 80 240 0 100
r 128 272 80 272 0 100
r 128 144 80 144 0 100
r 272 208 224 208 0 100
r 272 144 224 144 0 100
r 128 304 80 304 0 100
r 128 208 80 208 0 100
r 128 176 80 176 0 100
r 272 176 224 176 0 100
34 L9\s\q\sG1,8 1 9.32e-11 0 3.7299999999758477 0 1
162 384 144 384 96 2 L9\s\q\sG1,8 1 0 0 0.01
r 128 336 80 336 0 1000
r 128 368 80 368 0 1000
r 128 400 80 400 0 1000
r 224 464 272 464 0 1000
r 224 432 272 432 0 1000
r 224 560 272 560 0 1000
c 128 432 80 432 4 0.000001 0 0.001 0
r 80 432 16 432 0 47
c -32 528 -32 560 4 0.00009999999999999999 0 0.001 0.1
209 32 560 32 528 4 0.00009999999999999999 0 0.001 0 100
w 128 528 32 528 0
w -32 528 32 528 0
w -32 560 32 560 0
w 32 560 80 560 0
34 T4 1 1.7143528192810002e-7 0 2.0000000000000084 0 1
d 128 560 80 560 2 T4
